Multiple size <= 100
TEST 1 ARG:29 12 47 58 68 92 9 16 34 56 10 44 62 60 24 76 67 35 32 57 73 31 20 51 65 53 37 93 88 26 91 22 59 5 84 55 39 41 83 18 98 42 1 64 27 85 94 63 90 43 15 6 23 45 95 17 96 25 36 86 74 81 33 80 82 40 46 72 2 13 70 69 38 4 89 54 50 19 79 3 48 78 52 7 21 49 30 11 14 28 97 8 75 66 0 77 99 61 71 87
TEST 2 ARG:57 29 94 82 63 73 5 36 17 32 49 47 3 4 56 39 24 42 81 9 14 80 93 74 44 62 12 51 68 97 79 76 10 55 48 2 65 78 35 23 66 33 60 89 15 61 90 46 86 22 1 20 34 72 58 0 26 38 54 98 85 8 7 13 40 30 67 6 31 21 71 59 92 77 69 84 16 88 37 45 27 43 87 28 95 19 83 25 41 96 99 52 64 50 75 11 70 18 53 91
TEST 3 ARG:29 57 73 9 21 71 99 1 19 64 14 20 4 96 33 45 30 51 47 25 81 12 68 87 15 23 69 54 13 56 66 62 6 72 34 49 58 86 22 70 82 84 74 42 98 2 91 61 75 17 11 78 83 88 28 85 65 76 60 40 95 59 7 0 35 50 79 39 37 89 48 5 44 77 90 63 53 38 94 18 97 67 52 27 3 55 26 24 93 31 92 8 36 10 32 16 46 43 80 41
TEST 4 ARG:21 18 26 5 15 45 92 95 42 94 51 41 43 91 32 86 89 78 65 12 61 38 87 23 7 85 10 97 33 6 34 55 20 67 63 0 53 16 69 62 3 74 96 50 17 82 46 70 14 39 75 9 8 56 79 35 28 44 72 49 54 11 64 36 57 83 84 98 13 77 66 37 24 27 22 80 93 29 76 52 47 81 40 19 25 68 30 59 90 48 71 1 60 2 31 99 73 88 4 58
TEST 5 ARG:56 35 64 97 54 43 8 1 85 45 70 81 29 55 42 16 96 6 98 80 23 25 11 89 13 32 78 94 7 95 31 24 62 21 28 92 73 90 0 99 51 71 34 88 67 49 52 87 30 46 41 20 48 47 58 63 44 39 38 69 10 12 77 66 15 93 53 50 72 17 84 74 79 82 75 83 61 76 57 3 5 26 18 27 36 40 4 68 22 86 91 2 65 14 60 37 33 19 59 9
TEST 6 ARG:83 37 93 28 77 48 25 73 92 17 99 39 27 52 55 14 58 94 30 54 63 0 15 40 13 91 61 85 6 19 50 12 2 76 5 72 41 16 74 33 11 66 57 42 44 7 98 87 47 89 20 82 34 18 22 95 49 78 8 75 69 43 32 68 9 24 26 96 97 79 59 60 71 80 1 3 86 31 90 64 38 70 35 56 62 4 23 45 53 51 88 29 21 67 84 81 65 10 36 46
TEST 7 ARG:1 94 79 67 6 0 69 2 16 34 73 98 99 96 23 46 90 19 9 97 52 85 84 51 8 55 3 66 39 80 33 27 93 43 21 25 88 26 61 65 49 68 87 14 53 20 45 7 17 77 48 57 37 50 54 12 32 75 72 22 11 70 83 95 71 63 58 59 28 13 5 15 64 42 4 35 18 91 30 82 56 78 44 74 31 81 89 92 24 38 76 86 62 36 40 41 29 47 10 60
TEST 8 ARG:36 69 7 68 52 81 35 82 56 73 51 18 90 40 65 91 77 79 2 34 48 20 80 88 64 98 24 67 74 19 8 44 1 89 3 38 10 45 93 95 53 25 33 96 57 15 39 43 28 49 12 92 94 0 99 76 75 60 17 9 32 27 97 70 26 4 16 42 11 50 54 21 55 46 31 30 13 37 29 83 62 66 14 87 72 84 61 86 59 23 71 58 47 41 63 78 5 6 85 22
TEST 9 ARG:98 82 74 37 32 8 0 93 66 76 97 39 16 27 9 71 6 64 96 48 99 28 41 19 34 90 52 36 22 18 91 42 85 14 30 2 67 68 69 5 79 49 72 40 3 86 12 56 51 89 61 24 29 75 88 77 47 50 44 31 20 17 78 95 81 11 65 13 92 94 70 57 62 63 7 84 46 55 45 59 80 38 35 87 1 43 58 21 10 54 83 73 15 26 25 4 23 53 33 60
TEST 10 ARG:44 87 73 99 86 66 9 79 67 22 48 58 33 4 88 29 32 40 25 94 83 93 63 77 30 84 11 7 59 95 98 54 24 45 60 90 69 82 47 20 91 3 42 5 26 85 6 12 16 41 51 14 70 10 43 49 75 56 97 50 36 13 15 55 72 62 46 27 1 37 2 61 28 68 31 57 96 76 34 81 52 92 23 74 80 53 35 65 19 17 0 21 8 38 78 89 64 18 71 39
TEST 11 ARG:42 91 77 27 69 35 50 22 74 47 23 17 49 16 95 9 40 81 6 8 34 55 10 46 44 15 60 12 7 87 28 82 89 63 14 54 5 90 68 48 59 64 2 70 97 19 78 4 25 36 33 86 51 30 71 98 76 75 99 85 66 96 79 24 93 88 38 1 67 84 0 32 61 21 39 92 41 37 45 56 26 29 65 80 43 73 52 58 94 62 53 31 3 83 20 57 18 11 72 13
TEST 12 ARG:99 77 92 20 41 76 11 65 4 93 30 40 52 47 45 36 95 15 43 56 21 34 62 12 17 72 38 24 9 37 78 96 2 7 22 28 81 73 83 53 70 79 86 42 13 10 18 97 23 63 89 80 5 67 88 44 8 39 55 35 32 0 48 82 94 50 64 25 29 19 60 75 66 68 61 31 49 27 91 59 57 51 84 54 46 69 71 1 14 74 33 87 98 26 58 90 16 6 85 3
TEST 13 ARG:4 70 52 67 90 73 35 47 37 72 81 42 5 33 6 96 59 75 0 18 57 56 16 79 41 20 23 61 68 24 77 98 11 99 34 87 53 21 14 8 83 10 94 26 91 9 85 27 29 76 80 48 65 50 30 97 3 7 60 95 25 64 63 71 13 88 22 54 31 58 69 86 93 82 49 39 89 45 15 74 2 78 17 19 66 36 43 51 40 46 1 55 62 44 28 38 92 32 12 84
TEST 14 ARG:0 45 34 32 8 60 57 62 59 68 90 20 30 64 77 65 33 93 21 37 97 24 89 14 72 2 75 54 19 55 95 47 82 87 17 28 29 25 91 70 71 26 99 74 63 22 86 41 43 31 73 52 48 12 49 27 44 78 1 83 58 35 88 23 69 13 3 51 18 5 79 15 9 36 94 96 53 40 56 66 16 76 50 11 38 92 80 6 42 7 98 46 39 81 85 10 67 61 4 84
TEST 15 ARG:3 81 82 15 36 19 54 88 60 51 1 55 95 25 66 42 98 2 63 41 84 43 10 56 8 14 46 68 67 57 7 69 73 35 0 76 28 70 17 89 58 48 45 44 47 37 75 12 13 24 72 39 40 93 53 87 97 9 32 11 90 21 20 50 83 59 62 92 74 86 85 77 78 79 61 64 34 65 94 5 71 18 49 31 99 52 96 27 30 6 80 16 33 22 23 91 26 4 38 29
TEST 16 ARG:32 92 81 65 84 35 83 98 12 10 37 31 18 68 41 11 70 71 27 64 33 9 0 17 51 62 48 66 7 95 93 59 50 58 73 28 54 36 69 52 99 43 88 6 20 44 89 74 61 16 57 76 23 80 25 5 67 90 34 30 38 42 87 86 39 15 63 56 1 72 77 75 4 91 26 85 49 8 45 78 46 94 21 19 82 55 60 79 96 13 47 24 3 97 40 53 22 14 2 29
TEST 17 ARG:57 81 83 49 16 13 42 45 72 68 99 91 94 66 80 53 11 36 65 29 10 34 48 46 54 21 9 4 76 86 15 37 7 20 73 88 50 1 87 35 63 70 40 6 14 12 30 59 3 27 62 71 55 98 18 19 8 96 92 23 28 60 79 43 0 38 82 52 31 90 44 84 5 58 64 95 47 89 41 56 67 69 17 77 32 51 22 61 97 74 93 25 33 39 2 85 24 78 75 26
TEST 18 ARG:27 72 39 58 70 41 60 30 48 40 74 57 31 75 46 29 98 1 38 51 32 9 66 91 5 47 67 95 34 8 77 43 13 22 56 24 35 86 33 89 93 73 71 36 2 23 83 54 97 88 16 14 42 84 53 18 21 17 44 80 65 90 61 28 59 62 68 99 15 6 7 12 55 20 69 52 0 85 94 25 26 63 3 92 78 10 49 50 19 82 45 64 79 11 37 4 76 87 96 81
TEST 19 ARG:18 56 34 20 8 52 33 62 45 75 73 1 6 74 23 98 58 76 44 29 84 40 12 79 70 63 30 35 85 2 80 4 61 46 3 99 48 57 28 50 66 64 87 53 97 65 25 59 82 55 89 68 7 38 51 0 31 36 10 17 16 77 96 94 42 83 91 69 24 15 27 47 26 90 37 92 39 81 67 41 21 13 54 9 32 86 11 72 78 43 19 49 14 93 71 22 95 5 88 60
TEST 20 ARG:54 44 49 93 36 3 99 17 65 53 80 6 48 71 67 57 75 92 73 50 24 60 96 52 14 26 13 45 1 8 4 70 21 2 7 37 12 23 84 83 58 94 34 55 10 89 15 33 43 18 78 51 42 62 27 16 81 19 29 98 82 40 66 79 72 5 47 31 32 20 59 39 46 38 95 11 88 30 28 9 0 91 35 61 69 76 22 25 56 41 87 77 68 97 85 86 64 74 90 63
TEST 21 ARG:9 92 94 39 21 60 44 31 42 27 81 58 66 77 93 19 16 63 50 76 55 20 11 17 7 14 10 89 18 68 74 98 53 75 40 59 70 61 25 6 13 30 8 88 49 2 62 35 36 32 15 37 4 65 0 52 3 12 56 38 48 1 80 23 72 29 97 33 22 85 79 82 41 47 45 26 73 43 5 51 71 99 87 90 91 57 86 28 95 54 84 64 69 46 67 78 34 24 83 96
TEST 22 ARG:4 68 9 85 14 31 95 88 98 87 30 8 10 26 69 20 83 44 97 18 23 64 59 22 11 35 17 1 58 15 71 81 86 5 56 50 99 57 75 84 48 19 25 79 28 34 76 29 45 78 42 43 40 74 89 33 93 6 90 39 70 7 32 73 62 46 37 27 49 92 13 91 80 38 24 67 96 66 72 0 51 2 61 52 41 55 3 36 77 53 63 16 94 12 82 60 54 21 47 65
TEST 23 ARG:47 31 26 24 92 11 30 69 13 86 52 44 70 53 76 23 59 15 71 83 54 81 82 66 39 61 96 46 37 75 49 3 89 4 63 36 33 48 55 80 14 95 8 88 0 90 18 25 73 28 21 79 51 5 6 97 91 38 29 87 9 19 64 20 60 12 7 42 65 16 22 57 84 43 93 98 34 99 27 94 32 10 45 17 56 68 78 62 77 58 85 40 1 74 67 35 72 41 2 50
TEST 24 ARG:8 77 29 85 73 21 44 12 92 23 6 13 14 35 90 17 25 16 0 22 79 7 88 32 36 80 3 48 47 70 65 15 40 94 55 58 93 96 31 71 69 76 52 53 34 82 9 60 33 75 45 24 39 20 28 46 27 19 26 81 87 56 99 10 2 42 37 78 67 49 91 89 50 38 63 68 59 30 43 66 86 74 11 95 61 57 5 64 54 97 41 62 18 83 84 51 72 98 1 4
TEST 25 ARG:13 27 55 32 36 7 29 61 99 58 6 83 72 81 52 73 31 78 89 19 11 59 14 79 75 60 74 20 44 22 62 40 48 84 51 0 42 5 85 71 97 30 69 43 54 16 98 90 4 49 23 37 94 33 88 57 80 50 77 93 70 45 96 82 8 24 91 21 86 2 34 76 95 15 68 56 65 28 63 64 66 25 26 3 18 46 35 12 41 47 10 87 1 17 53 92 39 9 38 67
TEST 26 ARG:16 89 56 97 36 95 96 94 92 75 71 45 25 91 1 81 84 38 12 13 24 63 54 40 31 42 30 41 98 83 49 76 44 46 29 58 8 72 9 0 86 22 99 17 82 87 61 68 6 64 5 33 11 20 23 18 51 77 10 88 90 4 26 59 78 73 69 50 48 70 32 37 28 65 57 62 85 67 21 52 19 66 93 14 15 7 3 53 43 55 80 27 74 60 39 47 79 2 35 34
TEST 27 ARG:26 63 70 40 91 4 65 82 57 94 27 13 23 68 14 96 33 44 41 1 74 17 38 98 34 64 56 39 80 45 48 24 55 11 32 79 92 72 76 54 30 20 12 6 77 90 84 50 71 43 88 31 21 2 28 19 59 46 52 49 61 22 15 95 66 62 47 58 83 42 81 29 7 89 85 9 53 73 36 51 3 10 69 93 35 87 0 78 86 97 75 16 5 67 25 8 37 18 99 60
TEST 28 ARG:47 63 46 81 20 12 58 72 11 31 41 30 10 33 88 50 87 4 62 8 66 86 61 51 36 18 97 32 91 7 83 40 15 89 48 84 39 67 38 17 95 53 0 85 16 57 82 26 93 13 80 74 27 60 78 42 29 34 69 25 64 43 73 23 22 35 28 76 44 45 49 99 65 55 56 9 19 14 52 3 94 6 96 90 79 24 2 98 92 37 5 1 59 21 71 68 75 70 77 54
TEST 29 ARG:21 15 86 91 89 49 70 67 36 95 42 97 41 38 80 61 88 17 69 31 81 60 57 76 47 34 98 14 2 55 63 20 68 0 6 29 72 22 66 5 44 51 12 11 74 27 99 23 35 64 50 24 8 78 53 65 77 3 87 75 71 43 48 13 52 58 28 45 92 25 7 59 62 85 82 37 56 33 96 30 32 46 18 16 83 39 4 26 79 54 1 19 10 94 93 73 9 40 90 84
TEST 30 ARG:38 31 51 24 90 26 40 19 67 65 33 42 36 76 69 94 74 27 7 32 60 23 49 98 14 12 71 11 6 64 47 92 29 83 18 30 87 22 78 21 39 44 68 41 10 77 99 20 50 52 25 53 63 81 54 70 16 57 80 0 13 28 62 45 73 91 55 85 95 37 34 66 56 46 89 58 61 2 8 5 1 35 59 97 79 72 88 96 82 75 17 86 9 48 15 43 84 4 93 3
TEST 31 ARG:24 68 74 18 57 4 77 5 13 15 65 11 82 55 47 26 67 94 80 58 14 44 39 49 40 1 97 21 29 99 50 0 59 90 93 92 63 27 98 61 72 35 66 71 89 78 60 87 51 17 7 20 3 69 38 43 76 19 42 10 54 8 96 91 16 32 52 31 56 33 2 88 79 37 6 46 36 86 64 23 9 95 41 22 83 28 62 70 73 34 75 81 84 48 25 85 12 45 30 53
TEST 32 ARG:74 51 29 91 3 18 12 96 22 89 87 8 54 56 1 86 53 71 88 28 17 83 35 62 77 84 47 94 85 4 98 41 42 2 34 15 93 9 10 73 11 46 92 30 75 70 99 40 36 37 6 21 32 7 25 39 81 61 63 16 64 44 79 26 38 66 33 20 90 57 23 52 19 67 31 72 95 13 48 97 27 49 69 43 78 45 76 50 82 5 65 0 55 68 59 58 80 14 24 60
TEST 33 ARG:78 72 82 99 8 33 49 77 85 34 75 57 11 9 7 65 87 32 6 40 55 12 64 60 45 46 23 1 43 26 30 14 63 10 58 86 76 89 67 73 95 3 90 21 47 20 68 54 50 27 93 36 83 88 2 13 29 94 74 28 66 81 61 62 0 37 41 19 42 35 48 4 24 16 51 15 56 80 52 53 69 96 38 71 70 98 5 17 84 91 97 44 79 25 31 92 18 22 39 59
TEST 34 ARG:68 21 31 41 70 15 34 50 33 24 27 67 29 90 36 22 88 83 32 46 78 35 0 19 95 57 51 16 73 74 82 42 79 25 14 18 7 52 53 97 20 66 81 60 56 77 39 3 96 11 10 48 65 94 55 9 91 6 12 23 2 61 13 85 4 43 63 86 72 93 98 92 84 54 30 99 80 75 58 38 1 76 47 71 5 59 37 69 8 62 89 17 44 49 28 87 45 64 40 26
TEST 35 ARG:86 65 41 46 42 98 62 19 1 7 43 82 69 57 80 47 85 34 84 12 93 13 49 95 30 74 75 0 27 9 45 72 55 3 90 89 79 39 92 33 16 14 51 26 59 28 18 66 38 15 99 4 78 21 58 87 29 96 36 91 23 40 73 31 37 60 32 83 63 8 53 44 54 20 81 94 76 56 2 17 25 71 77 10 35 24 48 68 11 50 52 6 67 5 97 70 22 64 61 88
TEST 36 ARG:52 9 33 17 38 69 28 45 67 49 18 90 51 87 44 59 4 36 23 63 95 79 37 57 30 68 71 24 6 93 65 46 86 55 26 54 29 0 21 60 56 70 35 97 40 25 92 99 3 42 78 41 15 5 61 91 1 27 83 88 16 94 98 80 32 39 73 7 34 62 89 74 64 82 75 50 58 53 72 13 66 20 22 8 19 47 31 12 84 77 48 81 96 43 76 11 85 2 10 14
TEST 37 ARG:21 20 39 0 35 54 33 14 77 17 27 95 7 18 58 51 81 3 31 88 94 45 70 61 83 10 96 44 76 64 52 90 82 72 4 1 55 71 73 19 78 22 48 2 29 60 89 65 85 42 25 5 84 93 8 75 28 80 46 24 43 68 13 32 62 47 56 50 11 40 41 79 6 91 9 34 15 53 99 16 37 36 63 98 66 30 57 67 12 97 92 23 69 26 86 74 87 59 49 38
TEST 38 ARG:88 71 75 9 53 1 7 14 26 33 8 52 82 63 20 65 3 44 84 54 91 66 74 98 83 90 31 67 40 73 95 37 78 21 38 4 57 29 89 68 42 12 18 79 19 25 94 5 11 69 32 92 60 39 81 2 47 64 45 85 36 99 23 24 27 80 16 15 51 62 50 30 58 96 93 86 70 59 28 22 34 72 13 48 76 56 55 49 87 97 61 43 41 77 0 6 46 10 35 17
TEST 39 ARG:61 18 75 99 1 56 74 49 6 76 30 31 21 11 43 90 71 44 34 80 84 51 17 73 40 72 89 47 39 69 9 4 83 62 85 57 10 37 23 25 59 68 36 97 93 14 78 98 92 20 88 22 16 24 55 86 58 67 27 82 50 7 5 0 41 63 38 53 45 12 87 42 54 32 79 8 66 60 94 48 2 26 46 95 77 70 91 29 15 96 28 3 35 52 81 19 65 13 33 64
TEST 40 ARG:86 14 34 5 67 79 18 44 20 65 33 66 17 72 45 32 30 1 59 16 19 95 57 92 81 7 27 87 63 84 88 73 98 43 40 12 23 38 62 83 36 22 54 74 60 99 93 52 77 2 11 94 9 70 71 0 26 55 10 91 78 13 90 35 4 82 69 97 96 75 24 6 46 15 29 47 37 53 61 49 31 50 85 28 39 41 58 89 21 8 3 42 80 68 56 76 48 51 64 25
TEST 41 ARG:4 64 37 58 12 0 18 91 92 53 43 35 5 62 76 41 24 39 16 79 48 59 49 32 22 7 46 10 82 6 38 14 56 63 66 28 2 54 45 65 21 73 47 40 27 75 30 72 23 88 52 84 1 33 80 78 60 61 44 96 8 9 69 90 71 85 98 55 26 83 57 15 17 89 34 93 13 36 3 25 95 11 51 97 87 68 31 77 20 42 29 86 99 19 81 70 50 94 74 67
TEST 42 ARG:28 63 97 47 41 11 72 43 90 59 94 70 69 31 1 93 73 60 4 83 7 53 77 50 23 19 57 86 8 9 82 66 58 42 26 68 34 80 87 45 36 5 33 71 84 92 67 17 61 27 20 91 38 44 24 12 39 76 25 18 55 21 74 0 32 22 62 29 15 6 95 37 13 49 65 75 56 16 64 30 78 88 2 85 46 79 99 3 52 98 89 10 81 96 35 48 51 40 54 14
TEST 43 ARG:3 84 7 71 13 81 74 61 69 0 87 21 46 76 36 58 73 91 68 65 37 29 18 62 25 96 26 83 80 8 20 22 82 66 92 11 47 50 94 33 28 98 24 85 95 63 67 32 97 75 42 78 12 2 45 89 59 53 51 72 93 49 14 27 86 38 17 54 35 57 5 1 56 19 52 10 60 55 99 4 48 31 40 23 34 41 77 79 39 44 15 90 88 64 43 6 9 16 30 70
TEST 44 ARG:93 72 33 95 51 31 71 4 81 32 6 35 10 24 82 79 77 9 94 46 1 62 23 3 50 19 70 18 2 15 91 61 41 57 67 39 98 36 11 59 16 5 14 60 96 85 55 86 47 76 25 99 58 43 27 65 49 34 30 92 37 74 83 80 40 53 64 97 54 44 87 52 69 7 42 45 21 68 73 28 56 29 13 63 12 8 38 22 78 17 75 89 20 0 88 90 48 84 66 26
TEST 45 ARG:53 96 13 2 84 34 88 43 79 48 98 66 65 4 45 18 89 52 49 57 38 46 31 17 24 6 8 5 94 77 64 20 87 10 26 41 0 21 14 36 97 47 76 1 73 67 29 83 19 71 55 7 22 11 68 82 56 78 58 9 72 85 99 12 39 32 35 54 90 59 60 27 62 40 80 37 51 15 93 61 44 3 86 16 81 75 63 42 92 33 30 91 70 95 50 74 28 69 25 23
TEST 46 ARG:47 36 82 2 51 33 65 39 23 38 76 26 56 4 95 87 61 88 52 22 44 85 86 74 5 9 15 32 50 67 43 16 25 90 49 17 42 99 34 64 98 83 29 63 70 0 45 97 93 72 91 37 96 58 62 78 60 12 8 71 81 79 21 28 20 57 24 92 40 55 73 19 10 54 89 53 41 27 18 14 84 1 35 68 80 48 75 31 69 77 11 46 13 3 30 66 7 94 59 6
TEST 47 ARG:79 38 82 89 35 67 77 42 96 47 25 90 75 27 28 0 44 92 7 93 74 55 36 2 6 37 22 71 86 73 12 64 52 15 72 41 78 99 98 57 5 16 21 87 39 80 59 66 26 19 20 81 58 70 10 85 18 45 48 4 61 3 60 46 31 29 24 32 68 17 63 53 43 33 91 49 84 65 34 1 23 51 40 95 14 8 9 69 54 13 62 83 97 50 11 30 76 56 94 88
TEST 48 ARG:35 30 29 59 76 77 98 5 81 39 2 82 56 23 14 96 91 66 95 78 31 17 50 19 44 83 32 24 3 75 74 36 33 48 67 86 52 51 72 27 84 55 71 4 65 18 0 26 22 16 92 90 89 15 28 68 10 79 70 41 54 57 8 6 12 99 61 63 38 25 69 62 85 37 13 34 21 42 93 58 9 53 40 45 47 1 64 88 80 60 7 43 11 46 97 87 20 73 49 94
TEST 49 ARG:56 90 62 91 27 11 23 93 79 44 58 37 2 94 99 33 45 72 9 98 36 53 76 42 60 57 14 84 24 80 73 83 95 26 3 15 41 29 92 86 34 74 87 0 21 35 6 70 50 88 38 31 82 89 32 18 4 13 30 97 10 19 69 67 77 1 71 40 55 61 65 78 25 81 75 48 46 7 66 17 28 43 5 96 85 16 8 54 64 47 20 59 49 12 22 39 52 68 51 63
TEST 50 ARG:62 19 46 83 90 71 26 75 49 77 10 54 11 9 84 18 68 64 73 55 48 25 93 88 57 13 15 78 44 24 12 31 66 89 42 29 41 74 40 50 58 76 98 67 23 59 70 94 27 97 4 30 45 16 92 35 95 28 37 79 69 14 80 91 17 8 7 3 22 47 51 36 81 34 43 21 32 96 72 87 1 52 65 38 60 33 20 5 63 86 39 53 2 56 61 82 6 85 99 0
TEST 51 ARG:3 62 19 40 30 2 5 46 4 11 7 47 57 21 24 84 23 1 29 9 71 74 68 13 76 92 70 82 79 55 88 78 6 39 38 87 77 27 32 48 28 22 95 93 12 86 90 41 97 43 59 80 35 66 67 73 31 96 8 56 25 61 58 54 63 36 16 26 18 83 69 20 45 75 37 34 0 10 99 91 42 65 72 50 44 60 98 49 17 52 81 53 64 85 15 94 89 51 33 14
TEST 52 ARG:25 82 30 86 27 89 51 47 69 37 18 19 80 71 5 72 36 93 57 13 42 54 48 64 21 52 65 15 39 4 50 77 92 87 63 59 16 44 98 75 53 32 2 12 3 68 41 90 11 23 84 17 7 38 61 20 97 24 94 1 14 58 67 76 60 73 6 34 70 26 9 78 45 28 43 85 35 31 83 91 33 74 96 49 62 46 79 81 40 55 88 95 99 22 8 0 10 66 56 29
TEST 53 ARG:33 85 21 27 92 70 13 55 43 16 83 80 91 52 39 47 71 28 94 37 32 19 10 8 61 95 41 25 45 42 66 53 11 50 81 7 29 57 49 58 15 9 69 1 75 38 79 40 73 96 65 18 60 22 2 20 89 86 98 88 26 62 17 64 12 36 90 99 46 56 51 68 6 76 44 97 77 74 4 23 34 67 93 31 30 14 35 63 78 82 59 48 87 3 5 72 24 0 84 54
TEST 54 ARG:17 10 20 69 62 44 71 77 22 47 40 28 35 13 63 64 60 50 56 6 37 5 87 92 58 39 53 15 57 30 66 70 21 75 85 8 4 65 34 29 16 14 26 48 12 78 73 81 97 11 84 86 2 76 79 41 83 54 23 99 9 61 25 49 0 27 89 80 82 67 96 38 93 42 46 59 31 55 88 3 74 52 72 24 90 45 18 94 19 91 36 68 98 32 7 33 51 43 95 1
TEST 55 ARG:24 71 58 39 49 65 86 60 6 76 80 66 27 90 44 35 10 54 96 42 34 41 94 46 63 64 98 30 67 84 81 48 31 33 18 15 25 73 14 53 1 88 19 4 55 32 28 50 9 0 91 20 52 95 43 45 92 75 97 2 85 7 83 62 77 5 11 8 61 3 26 16 78 51 56 68 72 93 69 21 89 47 79 57 59 23 37 87 40 74 38 82 29 70 12 99 13 22 36 17
TEST 56 ARG:17 43 75 47 21 38 79 39 30 64 55 44 93 67 89 97 41 33 10 1 88 99 68 46 91 45 20 82 51 4 77 52 2 31 49 87 13 85 8 42 25 37 56 14 34 54 3 65 76 19 78 12 23 58 94 80 18 60 22 28 59 26 72 74 7 9 84 40 36 35 16 73 5 0 95 62 92 6 98 81 96 15 50 69 57 70 29 83 71 63 90 11 32 53 24 66 86 27 61 48
TEST 57 ARG:18 24 8 44 76 72 56 7 61 15 16 60 4 88 95 90 14 87 66 74 86 75 11 54 97 30 52 51 70 81 68 2 69 34 0 45 91 10 58 26 39 89 41 96 9 33 99 40 29 63 84 36 94 77 71 48 28 17 46 1 20 23 55 38 22 80 47 65 35 59 37 98 6 13 62 25 73 21 3 43 53 57 19 85 27 67 93 83 5 49 31 78 79 42 82 32 64 92 50 12
TEST 58 ARG:0 35 73 22 78 41 49 67 72 88 1 3 54 48 36 59 15 30 11 62 8 66 52 63 79 32 9 34 57 51 26 39 70 81 69 12 37 18 92 31 68 25 61 6 10 94 24 4 90 46 29 95 42 21 75 40 89 64 55 85 60 82 77 71 47 5 99 56 14 98 13 19 45 58 83 65 28 17 16 76 43 44 91 33 87 97 84 53 74 96 23 86 20 38 80 7 2 27 93 50
TEST 59 ARG:10 6 7 93 14 76 15 96 66 42 95 34 80 22 18 37 45 62 46 16 21 23 82 84 20 0 2 47 12 43 69 63 3 74 67 91 28 88 51 41 92 25 26 1 52 70 60 87 99 75 98 31 64 48 13 56 32 44 30 58 40 33 57 54 4 77 24 71 86 65 17 29 11 49 81 55 94 83 97 53 38 90 85 79 36 72 50 89 19 35 78 39 27 59 8 61 73 68 9 5
TEST 60 ARG:18 57 75 53 92 79 86 40 59 37 81 55 99 88 1 58 95 25 26 70 62 90 7 38 15 89 87 46 8 54 71 66 63 72 24 68 29 10 13 0 28 14 60 64 82 36 74 6 11 39 94 93 78 20 42 98 45 84 96 31 33 22 48 61 16 91 77 17 85 32 50 44 56 35 23 47 43 97 51 83 73 65 76 27 3 41 80 49 19 30 4 69 5 21 52 34 12 2 9 67
TEST 61 ARG:78 47 2 76 69 88 94 1 56 99 96 89 77 97 5 10 55 6 17 53 72 90 41 73 50 82 62 34 54 43 15 23 68 3 40 30 13 45 9 59 84 65 81 87 74 8 29 21 22 86 64 91 71 70 42 85 58 14 19 66 26 57 27 67 33 39 49 44 25 93 46 37 80 35 48 95 28 38 51 83 0 36 7 18 24 92 52 79 16 60 11 98 4 31 61 32 12 20 63 75
TEST 62 ARG:5 87 36 48 71 11 53 79 26 24 0 28 29 94 62 58 1 77 8 51 13 81 3 66 16 38 50 22 86 10 6 23 70 95 41 73 32 65 84 85 68 72 49 92 57 67 19 60 59 31 30 56 2 82 14 18 44 61 76 34 97 42 47 99 54 17 89 55 40 37 96 98 80 21 93 74 83 9 52 63 78 75 15 43 91 4 45 12 25 46 35 64 69 39 7 88 33 90 20 27
TEST 63 ARG:14 57 29 26 2 18 69 15 31 35 78 65 77 51 49 11 37 75 45 10 58 80 72 53 71 52 60 97 61 34 19 83 16 33 86 73 7 22 99 43 21 32 59 50 94 79 48 20 92 54 9 28 76 90 23 0 67 24 63 38 36 82 66 13 56 81 5 27 74 40 55 8 6 12 62 88 98 85 17 84 91 64 3 68 87 89 30 4 46 41 44 95 93 47 42 25 1 70 96 39
TEST 64 ARG:77 40 20 14 83 62 99 76 37 17 50 4 3 44 94 98 41 11 34 63 52 6 16 51 73 95 84 59 82 0 30 72 49 28 38 68 74 89 36 93 65 13 24 21 10 1 53 45 43 25 22 85 90 23 88 79 46 80 57 81 32 5 9 42 2 58 8 97 91 66 7 64 31 39 96 67 33 61 92 86 70 48 15 56 60 18 26 87 27 35 69 78 55 47 54 19 71 29 75 12
TEST 65 ARG:37 35 91 82 1 81 11 80 42 24 66 21 47 38 31 90 4 43 53 64 50 89 77 12 60 0 2 32 10 52 59 97 68 88 70 19 57 33 45 74 55 56 75 25 62 76 86 6 78 18 65 94 48 58 5 20 22 29 13 84 15 79 8 30 71 40 17 39 3 9 61 98 85 96 16 27 63 49 41 23 93 46 92 67 14 36 83 28 87 99 54 26 95 34 51 72 7 69 73 44
TEST 66 ARG:33 83 54 69 42 74 22 63 1 25 31 23 65 26 20 16 0 92 7 89 85 59 72 91 15 66 50 12 30 76 97 43 94 53 19 87 46 86 56 41 21 60 38 35 40 9 79 90 29 39 64 13 11 51 78 61 62 3 32 6 57 93 67 95 8 17 48 58 47 99 45 68 44 37 2 5 81 98 52 70 82 10 4 88 14 80 34 49 27 84 75 24 96 36 18 55 71 28 73 77
TEST 67 ARG:87 53 62 33 90 66 70 9 59 24 65 99 7 63 77 86 44 52 34 88 31 5 20 18 51 71 78 72 80 61 73 76 43 98 40 68 14 27 32 64 42 1 25 15 35 22 8 11 48 83 95 67 58 79 29 0 2 74 50 30 89 82 13 19 46 49 28 41 39 97 91 12 69 17 26 57 84 92 4 56 37 10 60 93 38 94 75 23 21 54 6 16 45 55 81 96 85 36 47 3
TEST 68 ARG:9 57 21 35 73 12 63 18 59 96 54 74 8 70 61 19 56 23 50 31 37 39 83 4 95 91 81 48 53 65 20 45 1 38 24 41 99 10 34 11 33 98 0 87 25 7 76 88 75 66 27 71 40 44 82 85 69 55 30 14 84 68 17 22 58 16 90 29 60 93 89 3 6 47 5 49 51 32 13 77 43 78 36 15 97 26 46 2 94 86 28 92 72 80 42 62 79 64 67 52
TEST 69 ARG:87 37 61 41 58 21 68 19 9 69 90 22 70 81 64 65 44 7 94 3 56 46 26 79 66 27 12 82 72 67 48 40 14 8 63 71 29 34 83 85 74 16 80 88 99 10 18 51 55 78 28 52 32 11 33 76 57 31 62 24 36 93 60 23 25 95 59 42 35 13 6 97 75 54 73 17 43 20 91 89 49 15 45 5 2 50 30 84 98 1 96 4 38 86 53 47 92 39 0 77
TEST 70 ARG:89 11 42 64 35 6 24 37 94 47 32 65 96 18 70 49 33 75 95 15 88 62 7 0 68 29 40 14 60 17 3 97 69 66 82 53 22 50 2 43 48 81 38 87 30 63 78 13 10 74 44 27 28 76 84 86 85 19 93 16 83 54 25 72 8 98 51 4 12 80 39 1 58 61 73 59 21 99 45 5 36 52 46 77 31 55 26 90 71 41 57 67 20 23 79 56 91 34 92 9
TEST 71 ARG:28 43 72 84 29 15 10 98 32 16 94 92 86 81 74 56 18 87 35 83 49 99 80 95 58 21 62 44 54 55 3 75 59 47 82 77 69 88 22 76 4 67 33 50 57 97 73 20 2 96 7 12 38 34 14 93 36 48 79 66 37 27 19 1 40 8 26 6 89 61 42 64 0 51 60 25 41 68 91 53 39 5 23 46 30 63 9 31 65 85 45 11 17 52 24 70 90 71 13 78
TEST 72 ARG:73 41 32 64 96 22 76 3 59 31 18 44 67 35 97 47 29 61 72 57 20 66 91 2 89 38 40 26 58 8 50 1 70 24 12 34 25 53 77 99 16 54 79 55 30 43 36 52 84 27 98 33 19 9 94 10 93 14 5 60 51 0 88 71 37 90 62 85 56 49 82 80 17 68 4 83 63 81 78 74 86 39 45 69 95 15 13 92 7 48 28 75 46 6 11 65 23 21 87 42
TEST 73 ARG:8 39 49 19 80 18 99 38 93 47 21 69 98 11 61 42 59 91 81 23 53 71 84 26 66 46 90 25 55 13 17 79 57 27 0 3 75 89 50 70 48 73 60 2 63 9 31 82 68 86 36 52 51 37 54 43 7 44 58 64 56 65 6 85 97 62 41 16 30 14 67 88 28 29 4 96 12 20 45 94 72 92 33 87 1 5 74 34 10 76 15 78 24 35 95 22 40 83 77 32
TEST 74 ARG:68 16 8 0 38 61 54 57 46 86 79 11 85 18 71 91 83 52 9 94 33 98 42 20 26 63 90 4 92 50 14 37 66 39 44 5 81 25 32 23 62 30 34 28 60 65 70 95 93 22 84 47 89 67 82 73 6 72 49 51 45 31 78 15 29 88 56 74 41 2 77 27 96 3 43 55 87 69 97 48 36 80 1 75 21 99 58 53 40 19 59 10 13 12 17 64 7 24 35 76
TEST 75 ARG:54 92 83 52 95 27 62 75 36 32 48 61 3 53 50 25 15 6 44 97 88 55 42 9 57 43 34 79 89 21 28 99 23 73 5 84 94 76 82 17 91 26 93 41 71 96 66 24 38 81 72 19 14 37 31 67 40 33 70 69 46 60 74 12 45 90 8 68 11 77 1 39 51 47 4 64 35 63 80 18 86 20 98 59 58 16 78 29 7 65 10 30 56 13 87 2 22 49 85 0
TEST 76 ARG:36 3 34 74 84 53 69 62 51 41 72 67 38 14 73 86 88 60 19 68 42 92 9 76 16 79 40 10 4 78 49 21 24 81 64 48 57 85 90 91 59 8 32 83 66 27 6 29 43 44 22 47 70 58 26 56 35 95 11 55 52 99 17 77 7 30 2 18 46 28 93 13 94 87 25 71 20 33 50 23 97 1 75 12 0 54 98 61 37 96 45 15 82 89 5 31 80 39 63 65
TEST 77 ARG:49 5 45 7 6 71 69 13 73 12 84 20 93 15 19 81 21 31 80 99 95 57 0 83 76 37 62 91 65 78 22 61 18 79 53 42 2 40 90 86 36 14 52 56 17 16 96 9 85 82 10 66 32 3 67 63 70 64 46 68 55 38 88 34 97 75 48 1 24 41 50 35 51 72 11 4 98 26 59 29 8 87 25 33 92 27 47 44 23 39 30 89 60 77 54 28 43 94 74 58
TEST 78 ARG:85 62 42 48 35 24 81 65 44 19 77 9 67 58 82 17 73 94 0 83 53 32 55 78 97 46 40 11 49 92 47 80 38 51 63 88 43 45 25 20 5 56 69 7 74 57 2 52 6 64 10 99 91 13 61 30 98 87 89 31 16 27 60 76 22 3 68 12 4 95 28 84 36 59 66 93 70 21 75 33 26 39 8 34 79 54 1 90 14 71 96 29 37 50 72 15 41 18 23 86
TEST 79 ARG:5 90 79 43 52 41 64 3 12 71 25 50 97 75 62 2 23 47 87 26 70 60 77 49 93 21 78 19 99 4 33 46 6 69 53 92 72 51 0 57 44 76 82 73 1 89 24 67 15 95 83 68 9 63 34 40 20 11 10 28 45 7 13 91 81 48 29 65 55 31 86 66 17 18 36 58 94 80 88 84 35 56 96 14 98 8 85 42 32 61 30 22 37 74 59 38 27 16 54 39
TEST 80 ARG:92 2 31 20 74 57 18 66 96 48 84 91 70 78 13 28 15 6 29 27 46 64 47 45 71 52 34 9 50 25 7 53 41 73 59 12 37 85 26 61 36 93 89 35 94 56 81 76 90 44 68 69 1 21 42 51 38 97 4 79 43 63 3 72 88 98 40 77 82 10 83 24 5 86 39 8 33 22 65 60 62 32 95 49 19 11 54 14 0 99 87 23 17 80 55 67 16 30 58 75
TEST 81 ARG:27 62 42 84 93 56 14 91 59 76 78 24 80 65 37 97 23 47 10 83 33 1 51 16 86 88 43 75 71 70 98 3 18 40 87 81 67 20 66 19 29 0 90 32 69 85 53 72 99 79 52 11 7 60 5 50 21 64 13 36 55 41 6 95 92 15 63 31 48 74 77 38 49 4 28 17 8 26 34 73 61 39 25 96 89 2 45 68 12 22 58 9 44 94 54 57 82 35 30 46
TEST 82 ARG:31 36 47 17 77 1 5 85 71 50 39 10 21 6 99 54 81 86 57 73 72 53 15 20 59 68 63 28 67 11 33 51 12 46 84 26 34 25 88 49 60 55 93 87 8 89 83 18 0 62 52 2 13 74 64 66 23 58 9 19 56 96 76 14 37 38 35 78 41 30 42 45 3 43 32 94 82 65 69 7 92 4 80 16 90 44 61 97 91 95 40 79 70 22 29 27 48 75 98 24
TEST 83 ARG:29 76 96 18 78 15 38 70 73 91 19 47 74 42 43 87 1 31 36 81 35 32 64 28 6 40 61 3 65 5 54 90 8 24 69 27 99 33 10 80 22 60 44 97 21 88 37 77 41 58 30 71 51 89 52 11 95 56 92 84 13 12 39 75 63 62 50 57 26 86 20 16 49 48 98 55 66 82 17 23 9 93 53 67 83 4 45 0 46 85 59 72 2 7 14 79 25 68 94 34
TEST 84 ARG:41 7 75 76 52 1 59 92 91 19 5 13 66 95 70 42 84 15 55 31 94 86 45 51 62 12 32 33 6 71 81 50 2 88 0 44 87 99 34 11 93 60 90 80 61 25 3 77 40 30 38 85 89 54 16 49 57 20 98 56 24 39 73 53 29 37 27 21 58 43 68 4 46 18 79 28 48 97 67 72 64 14 36 9 96 83 35 82 10 47 69 26 22 74 17 8 23 78 63 65
TEST 85 ARG:24 20 85 17 18 48 65 88 74 4 98 22 6 44 61 67 23 26 49 41 79 58 84 36 31 95 8 40 47 63 54 72 92 77 94 96 55 21 0 13 43 66 35 56 87 30 60 52 2 62 9 70 86 73 76 91 33 83 15 11 80 90 68 42 64 3 69 12 7 38 39 59 16 46 29 53 14 75 99 51 19 28 45 97 37 27 93 1 81 34 25 78 89 82 50 57 71 10 32 5
TEST 86 ARG:44 31 86 18 39 37 87 2 1 85 90 92 71 94 78 11 51 7 82 29 21 50 93 17 80 57 25 79 60 30 13 12 14 6 95 99 59 19 46 98 62 42 55 20 22 84 53 28 73 88 8 16 0 75 89 96 97 48 34 5 43 9 83 27 45 81 26 74 35 52 56 91 70 4 49 23 41 68 65 3 63 66 24 61 10 32 40 54 64 69 15 47 58 76 72 77 33 36 67 38
TEST 87 ARG:66 70 1 74 6 60 42 95 72 71 10 93 32 76 24 11 57 97 83 43 29 64 78 21 34 47 94 12 82 28 25 52 63 51 77 40 55 38 56 50 23 89 18 2 84 16 61 30 81 87 0 22 98 62 99 27 19 44 80 8 41 86 20 46 36 90 7 37 69 35 53 49 48 14 3 67 26 13 54 65 96 58 73 4 59 33 17 85 91 5 9 31 88 39 45 79 92 75 68 15
TEST 88 ARG:51 42 57 5 27 12 54 25 65 17 18 22 63 89 28 2 71 50 95 36 58 59 10 69 88 41 6 8 75 33 92 3 24 97 70 81 64 47 72 29 74 93 0 96 34 1 20 48 23 26 7 77 38 68 99 79 76 84 14 62 82 32 94 13 80 53 78 37 15 98 66 73 40 45 83 91 90 21 30 9 43 46 52 16 85 87 39 55 61 67 44 11 86 60 49 56 19 31 4 35
TEST 89 ARG:7 89 82 35 94 75 32 0 93 6 34 8 46 90 67 49 2 17 11 14 28 91 38 43 21 45 19 18 15 66 77 61 96 42 24 52 1 56 22 44 25 54 51 63 80 73 16 98 58 99 26 57 9 23 31 33 41 55 65 68 13 95 12 78 72 74 85 36 64 62 76 70 37 84 39 5 69 71 48 50 27 10 97 30 92 79 87 29 86 20 88 60 53 47 59 40 4 81 3 83
TEST 90 ARG:35 93 8 45 20 26 25 81 85 11 29 3 84 44 83 61 99 10 68 27 23 12 82 4 79 33 2 86 66 65 24 28 67 70 54 76 59 39 78 6 17 98 57 47 69 49 71 92 41 40 73 51 77 37 64 53 80 30 97 16 42 94 89 48 74 34 18 15 75 96 36 14 43 55 63 62 0 56 22 5 19 21 13 31 95 46 91 50 72 87 9 88 7 32 38 58 1 52 90 60
TEST 91 ARG:16 63 45 75 14 59 37 58 92 7 19 70 8 88 83 23 96 61 5 72 82 74 41 89 26 68 93 42 21 99 65 22 28 69 24 15 11 18 47 97 4 46 95 91 71 13 48 53 94 34 17 20 79 0 39 52 44 31 85 56 10 38 81 78 25 87 90 27 2 86 55 43 80 76 66 50 84 35 6 98 36 32 30 57 67 49 64 9 73 3 40 62 1 29 77 54 12 60 51 33
TEST 92 ARG:25 35 64 66 20 21 15 53 87 95 83 28 47 44 19 32 6 16 17 49 7 42 92 60 59 82 41 84 80 36 33 23 96 70 78 38 26 45 24 51 79 9 31 57 46 18 62 67 10 68 61 97 54 48 98 55 8 63 93 58 50 71 99 13 4 27 30 81 14 5 72 1 56 90 77 76 75 2 0 43 85 88 52 40 22 74 86 39 73 12 37 65 69 94 29 89 11 34 91 3
TEST 93 ARG:21 43 61 58 78 89 49 17 8 83 45 22 52 66 65 72 67 47 40 25 93 51 79 9 7 99 94 96 0 91 68 5 39 97 57 20 31 90 28 34 36 27 3 63 82 11 33 30 59 37 23 86 48 75 10 42 26 16 71 62 1 55 56 92 60 69 95 44 24 2 88 84 14 50 74 6 64 32 70 98 76 35 15 13 41 81 77 18 80 54 46 53 4 87 73 12 38 19 29 85
TEST 94 ARG:47 55 70 77 83 82 62 97 20 48 46 41 54 8 15 76 96 72 34 99 27 59 11 9 44 21 78 69 40 1 42 80 94 36 71 31 22 12 87 14 0 88 30 66 35 58 65 10 98 85 53 73 63 28 92 74 24 91 67 90 13 29 93 18 60 39 84 38 52 4 75 81 33 45 17 2 26 6 61 57 37 23 16 89 3 19 68 56 95 86 51 7 50 79 5 43 32 49 25 64
TEST 95 ARG:43 70 47 87 35 41 90 54 84 67 0 68 85 53 52 64 9 60 66 34 48 58 46 36 1 75 86 50 51 21 88 39 28 61 29 76 4 10 95 30 73 5 40 98 69 92 25 14 63 38 20 83 32 11 17 71 78 45 62 18 59 12 74 56 16 31 37 24 8 42 2 96 26 94 44 49 82 15 77 72 3 79 19 65 57 81 13 55 80 23 7 97 33 99 27 93 6 22 89 91
TEST 96 ARG:8 58 29 96 46 36 75 79 69 98 3 44 81 56 93 50 4 59 13 63 80 51 41 6 30 54 32 21 7 86 35 34 65 84 48 23 85 77 25 60 55 82 1 33 2 73 26 0 89 14 61 52 66 99 83 5 88 76 40 22 43 9 20 49 97 95 57 94 37 42 70 19 10 47 39 12 92 18 72 64 27 16 28 17 90 71 91 87 67 53 11 74 62 78 24 45 68 38 15 31
